x,y,z,time,smokelevel
//This is just a setup for the file until mathlab gets working//
//Smoke levels would be 0,25,50,75,and 100 with 0 meaning no smoke and 100 meaning impenetrable//
//The x,y, and time right now are arbitrary, but im matching them closely with the fire of the nightclub
6,0,17,2,0
10,0,17,2,0
7,0,16,5,0
12,0,16,5,0
1,0,15,6,0
17,1,12,6,0
7,0,15,7,0
14,0,15,7,0
5,0,14,10,25
15,0,14,10,25
5,0,13,18,25
15,0,13,18,25
4,0,12,19,25
15,0,12,19,25
4,0,10,21,25
15,0,10,21,25
10,0,8,24,50
4,0,8,25,50
8,0,7,25,50
15,0,5,25,50
7,0,2,27,25
8,0,4,27,50
15,0,5,27,25
6,0,1,30,25
8,0,3,30,50
1,1,10,32,25
5,2,1,34,25
5,2,15,34,25
16,1,12,35,25
4,5,15,39,25
15,5,15,39,25
1,1,5,40,25
6,2,1,43,50
1,1,3,45,25
1,1,1,,56,50
4,2,15,60,50
15,2,15,60,50
4,2,1,60,50
15,2,1,60,75
4,2,15,60,75
15,2,15,60,75
8,2,1,60,75
15,2,1,60,75
1,1,1,61,75
17,1,10,65,100
1,1,1,65,100
18,3,8,74,100
33,1,15,77,100
17,8,15,80,100
33,8,15,80,100
17,15,15,83,100
33,15,15,83,100
17,20,15,89,100
17,20,1,89,100
1,5,1,89,100
33,20,15,89,100
33,20,1,89,100
//After this point almost the whole room is covvered in Black smoke

